school 
185.10000610351562 205
285.1000061035156 273

238.10000610351562 287




hospital
525.1000061035156 260
626.1000061035156 329

577.1000061035156 342



factory
521.1000061035156 50
653.1000061035156 142

508.1000061035156 92



forest
47.100006103515625 51
181.10000610351562 129

193.10000610351562 94



beach
47.100006103515625 415
301.1000061035156 639

98.10000610351562 405




circus
325.1000061035156 416
496.1000061035156 417
500.1000061035156 459
651.1000061035156 462
650.1000061035156 516
558.1000061035156 518
554.1000061035156 540
325.1000061035156 541

493.1000061035156 551





museum
349.1000061035156 581
415.1000061035156 641

383.1000061035156 652




tire center
448.1000061035156 571
536.1000061035156 643

493.1000061035156 651



Gas Station
563.1000061035156 579
653.1000061035156 643

607.1000061035156 653




temple
45.100006103515625 287
145.10000610351562 393

98.10000610351562 405





market
165.10000610351562 310
293.1000061035156 388

254.10000610351562 401





colony
344.1000061035156 252
494.1000061035156 251
494.1000061035156 391
319.1000061035156 392
318.1000061035156 298
341.1000061035156 293

364.1000061035156 399






farm
205.10000610351562 51
496.1000061035156 143

508.1000061035156 92





hotel
521.1000061035156 357
653.1000061035156 436

585.1000061035156 450



garden + rest house
347.1000061035156 168
343.1000061035156 222
517.1000061035156 229
574.1000061035156 244
653.1000061035156 247
652.1000061035156 167
507.1000061035156 166
419.1000061035156 166

412.1000061035156 237



5 6 14 17 20 23 24 26 29 34 38 39 40